<?xml version="1.0" encoding="UTF-8" standalone="no"?>
<svg
   xmlns:dc="http://purl.org/dc/elements/1.1/"
   xmlns:cc="http://creativecommons.org/ns#"
   xmlns:rdf="http://www.w3.org/1999/02/22-rdf-syntax-ns#"
   xmlns:svg="http://www.w3.org/2000/svg"
   xmlns="http://www.w3.org/2000/svg"
   xmlns:sodipodi="http://sodipodi.sourceforge.net/DTD/sodipodi-0.dtd"
   xmlns:inkscape="http://www.inkscape.org/namespaces/inkscape"
   sodipodi:docname="pick_and_place.svg"
   inkscape:version="1.0 (4035a4fb49, 2020-05-01)"
   id="svg8"
   version="1.1"
   viewBox="0 0 136.16647 136.27048"
   height="136.27048mm"
   width="136.16647mm">
  <defs
     id="defs2" />
  <sodipodi:namedview
     inkscape:window-maximized="1"
     inkscape:window-y="113"
     inkscape:window-x="1912"
     inkscape:window-height="1017"
     inkscape:window-width="1920"
     showgrid="false"
     inkscape:document-rotation="0"
     inkscape:current-layer="layer1"
     inkscape:document-units="mm"
     inkscape:cy="450.59293"
     inkscape:cx="514.30786"
     inkscape:zoom="0.49497475"
     inkscape:pageshadow="2"
     inkscape:pageopacity="0.0"
     borderopacity="1.0"
     bordercolor="#666666"
     pagecolor="#ffffff"
     id="base" />
  <metadata
     id="metadata5">
    <rdf:RDF>
      <cc:Work
         rdf:about="">
        <dc:format>image/svg+xml</dc:format>
        <dc:type
           rdf:resource="http://purl.org/dc/dcmitype/StillImage" />
        <dc:title></dc:title>
      </cc:Work>
    </rdf:RDF>
  </metadata>
  <g
     transform="translate(-14.821625,-82.491159)"
     id="layer1"
     inkscape:groupmode="layer"
     inkscape:label="Layer 1">
    <path
       id="path893"
       d="m 79.90057,218.72451 c -7.343955,-0.61009 -11.763465,-1.38483 -17.061085,-2.9908 -16.93463,-5.13376 -31.77659,-17.41184 -40.13288,-33.20015 -5.26755,-9.95248 -7.88498,-20.5497 -7.88498,-31.92402 0,-18.67902 7.18924,-35.69784 20.59897,-48.76317 1.85661,-1.80894 4.42034,-4.097734 5.69717,-5.086224 15.502,-12.001204 35.4902,-16.749454 54.855248,-13.031005 12.914857,2.479898 24.678577,8.652632 34.282507,17.988969 10.16313,9.87994 16.60757,21.60229 19.39473,35.27875 0.97935,4.8056 1.33785,8.4534 1.33785,13.61268 0,18.01116 -6.67163,34.47161 -19.19181,47.35066 -12.75751,13.12318 -28.61469,20.08499 -47.25271,20.74544 -1.87769,0.0665 -3.96704,0.075 -4.64301,0.0189 z m 8.067123,-6.11556 c 8.24233,-0.72973 14.704427,-2.51969 22.112437,-6.12501 10.44609,-5.08388 18.88272,-12.56384 25.21021,-22.35149 2.04126,-3.15752 5.14341,-9.47163 6.32127,-12.86629 4.05874,-11.69757 4.58289,-24.25793 1.51317,-36.26056 -2.08061,-8.13517 -6.47955,-16.85517 -11.88372,-23.55703 -8.93716,-11.0832 -22.35135,-19.181857 -36.182427,-21.844707 -4.76108,-0.916632 -6.7651,-1.097618 -12.153763,-1.097618 -5.388665,0 -7.392695,0.180986 -12.153765,1.097618 -13.84135,2.66482 -27.24903,10.766717 -36.21269,21.882317 -5.37241,6.66219 -9.77766,15.403 -11.85347,23.51942 -3.06972,12.00263 -2.54557,24.56299 1.51317,36.26056 1.17786,3.39466 4.28001,9.70877 6.32127,12.86629 8.53947,13.20924 21.86199,22.87923 36.78154,26.69744 6.93581,1.77501 13.920865,2.37631 20.666768,1.77906 z m -19.041038,-35.9849 c -7.60068,-12.73072 -14.12504,-23.76129 -14.49857,-24.51236 -1.02048,-2.05191 -1.99145,-4.91557 -2.54666,-7.51076 -0.68255,-3.19043 -0.68255,-9.373 0,-12.56344 4.21772,-19.71477 25.16071,-30.61646 43.593368,-22.69214 14.248787,6.12566 21.908107,21.82583 18.035177,36.96882 -1.16394,4.55097 -0.64774,3.62468 -20.771907,37.2744 -5.32277,8.90024 -9.748473,16.18226 -9.834873,16.18226 -0.0864,0 -6.375845,-10.41605 -13.976535,-23.14678 z m 18.263558,-24.68416 c 9.85221,-3.17413 12.78602,-15.74915 5.37581,-23.04191 -6.6824,-6.57649 -18.039218,-4.61382 -22.094958,3.81842 -5.29796,11.01489 5.09765,22.96764 16.719148,19.22349 z"
       style="fill:#2ea8b1;fill-opacity:1;stroke-width:0.273118" />
  </g>
</svg>
