<?xml version="1.0" encoding="UTF-8" standalone="no"?>
<svg
   xmlns:dc="http://purl.org/dc/elements/1.1/"
   xmlns:cc="http://creativecommons.org/ns#"
   xmlns:rdf="http://www.w3.org/1999/02/22-rdf-syntax-ns#"
   xmlns:svg="http://www.w3.org/2000/svg"
   xmlns="http://www.w3.org/2000/svg"
   xmlns:sodipodi="http://sodipodi.sourceforge.net/DTD/sodipodi-0.dtd"
   xmlns:inkscape="http://www.inkscape.org/namespaces/inkscape"
   sodipodi:docname="unreal_pivotpainter.svg"
   inkscape:version="1.0 (4035a4fb49, 2020-05-01)"
   id="svg8"
   version="1.1"
   viewBox="0 0 153.57233 153.57233"
   height="153.57233mm"
   width="153.57233mm">
  <defs
     id="defs2" />
  <sodipodi:namedview
     inkscape:window-maximized="1"
     inkscape:window-y="113"
     inkscape:window-x="1912"
     inkscape:window-height="1017"
     inkscape:window-width="1920"
     showgrid="false"
     inkscape:document-rotation="0"
     inkscape:current-layer="layer1"
     inkscape:document-units="mm"
     inkscape:cy="214.11655"
     inkscape:cx="277.48614"
     inkscape:zoom="0.98994949"
     inkscape:pageshadow="2"
     inkscape:pageopacity="0.0"
     borderopacity="1.0"
     bordercolor="#666666"
     pagecolor="#ffffff"
     id="base" />
  <metadata
     id="metadata5">
    <rdf:RDF>
      <cc:Work
         rdf:about="">
        <dc:format>image/svg+xml</dc:format>
        <dc:type
           rdf:resource="http://purl.org/dc/dcmitype/StillImage" />
        <dc:title></dc:title>
      </cc:Work>
    </rdf:RDF>
  </metadata>
  <g
     transform="translate(-54.152875,-94.119428)"
     id="layer1"
     inkscape:groupmode="layer"
     inkscape:label="Layer 1">
    <path
       transform="scale(0.26458333)"
       d="m 474.17969,360.57422 v 87.44336 a 199.00261,199.00261 0 0 0 -177.21094,177.2168 h -87.44922 v 41.41601 h 87.44922 a 199.00261,199.00261 0 0 0 177.21094,177.21484 v 87.44532 H 515.5957 V 843.86328 A 199.00261,199.00261 0 0 0 692.81055,666.65039 h 87.44531 V 625.23438 H 692.80859 A 199.00261,199.00261 0 0 0 515.5957,448.01953 v -87.44531 z m 20.70898,126.16601 a 159.20209,159.20209 0 0 1 60.13281,11.79297 159.20209,159.20209 0 0 1 0.004,0.002 159.20209,159.20209 0 0 1 0.0273,0.0117 159.20209,159.20209 0 0 1 9.6543,4.32031 159.20209,159.20209 0 0 1 6.5957,3.41211 159.20209,159.20209 0 0 1 0.81836,0.44922 159.20209,159.20209 0 0 1 0.11133,0.0625 159.20209,159.20209 0 0 1 0.92578,0.51953 159.20209,159.20209 0 0 1 65.54102,70.34179 159.20209,159.20209 0 0 1 8.42187,21.70313 159.20209,159.20209 0 0 1 0.26563,0.87695 159.20209,159.20209 0 0 1 0,0.002 159.20209,159.20209 0 0 1 5.34961,25 159.20209,159.20209 0 0 1 0.11914,0.92187 159.20209,159.20209 0 0 1 0,0.002 159.20209,159.20209 0 0 1 0.0156,0.12891 159.20209,159.20209 0 0 1 0.24805,2.10742 159.20209,159.20209 0 0 1 0.41211,4.22266 159.20209,159.20209 0 0 1 0.10547,1.33398 159.20209,159.20209 0 0 1 0.12109,1.71094 159.20209,159.20209 0 0 1 0,0.002 159.20209,159.20209 0 0 1 0.008,0.12891 159.20209,159.20209 0 0 1 0.1211,2.11719 159.20209,159.20209 0 0 1 0.0449,0.92968 159.20209,159.20209 0 0 1 0,0.002 159.20209,159.20209 0 0 1 0.006,0.1289 159.20209,159.20209 0 0 1 0.006,0.125 159.20209,159.20209 0 0 1 0.0606,1.63868 159.20209,159.20209 0 0 1 0.008,0.22656 159.20209,159.20209 0 0 1 0.004,0.13086 159.20209,159.20209 0 0 1 0,0.0234 159.20209,159.20209 0 0 1 0.041,1.60352 159.20209,159.20209 0 0 1 0.008,0.36328 159.20209,159.20209 0 0 1 0,0.002 159.20209,159.20209 0 0 1 0.002,0.12891 159.20209,159.20209 0 0 1 0,0.002 159.20209,159.20209 0 0 1 0,0.0274 159.20209,159.20209 0 0 1 0.0137,1.03125 159.20209,159.20209 0 0 1 0.008,0.92968 159.20209,159.20209 0 0 1 0,0.002 159.20209,159.20209 0 0 1 0.002,0.73633 159.20209,159.20209 0 0 1 -0.0137,2.12109 159.20209,159.20209 0 0 1 -0.11328,4.24414 159.20209,159.20209 0 0 1 -0.22656,4.23633 159.20209,159.20209 0 0 1 0,0.002 159.20209,159.20209 0 0 1 -0.0742,1.05664 159.20209,159.20209 0 0 1 0,0.002 159.20209,159.20209 0 0 1 -0.36719,4.22656 159.20209,159.20209 0 0 1 -0.10937,1.05469 159.20209,159.20209 0 0 1 0,0.002 159.20209,159.20209 0 0 1 -0.44922,3.76367 159.20209,159.20209 0 0 1 -0.37305,2.67773 159.20209,159.20209 0 0 1 -1.7207,9.5625 159.20209,159.20209 0 0 1 -8.29883,27.06836 159.20209,159.20209 0 0 1 -0.0254,0.0606 159.20209,159.20209 0 0 1 -0.0234,0.0605 159.20209,159.20209 0 0 1 -0.17187,0.41992 159.20209,159.20209 0 0 1 -0.18164,0.43945 159.20209,159.20209 0 0 1 -75.83008,81.38477 159.20209,159.20209 0 0 1 -0.0234,0.0117 159.20209,159.20209 0 0 1 -0.83203,0.41211 159.20209,159.20209 0 0 1 -48.60938,14.90234 159.20209,159.20209 0 0 1 -0.91992,0.125 159.20209,159.20209 0 0 1 -0.0234,0.004 159.20209,159.20209 0 0 1 -0.10742,0.0137 159.20209,159.20209 0 0 1 -20.70703,1.35156 159.20209,159.20209 0 0 1 -23.25976,-1.70898 159.20209,159.20209 0 0 1 -1.04883,-0.15821 159.20209,159.20209 0 0 1 -35.70703,-9.8789 159.20209,159.20209 0 0 1 -0.002,0 159.20209,159.20209 0 0 1 -0.0508,-0.0215 159.20209,159.20209 0 0 1 -0.23437,-0.0957 159.20209,159.20209 0 0 1 -31.41406,-17.21094 159.20209,159.20209 0 0 1 -0.23829,-0.16992 159.20209,159.20209 0 0 1 -0.52148,-0.36914 159.20209,159.20209 0 0 1 -0.10547,-0.0742 159.20209,159.20209 0 0 1 -0.70312,-0.50781 159.20209,159.20209 0 0 1 -0.0684,-0.0488 159.20209,159.20209 0 0 1 -0.0195,-0.0137 159.20209,159.20209 0 0 1 -0.0703,-0.0508 159.20209,159.20209 0 0 1 -48.9375,-57.66602 159.20209,159.20209 0 0 1 -0.26953,-0.54492 159.20209,159.20209 0 0 1 -0.15625,-0.31445 159.20209,159.20209 0 0 1 -15.02539,-49.53125 159.20209,159.20209 0 0 0 0.12305,0.92187 159.20209,159.20209 0 0 1 -0.14258,-1.05078 h 0.002 a 159.20209,159.20209 0 0 1 -0.0586,-0.45117 159.20209,159.20209 0 0 1 -0.0742,-0.58984 159.20209,159.20209 0 0 1 -0.002,-0.0117 159.20209,159.20209 0 0 1 -0.11133,-0.92383 159.20209,159.20209 0 0 1 -0.0156,-0.12891 159.20209,159.20209 0 0 1 -0.0371,-0.3164 159.20209,159.20209 0 0 1 -0.084,-0.73829 159.20209,159.20209 0 0 1 -0.0996,-0.92382 159.20209,159.20209 0 0 1 0,-0.002 159.20209,159.20209 0 0 1 -0.008,-0.0664 159.20209,159.20209 0 0 1 -0.0996,-0.98633 159.20209,159.20209 0 0 1 0,-0.002 159.20209,159.20209 0 0 1 -0.041,-0.42383 159.20209,159.20209 0 0 1 -0.0527,-0.57422 159.20209,159.20209 0 0 1 -0.008,-0.0879 159.20209,159.20209 0 0 1 -0.0742,-0.82422 159.20209,159.20209 0 0 1 -0.0117,-0.14258 159.20209,159.20209 0 0 1 -0.006,-0.0586 159.20209,159.20209 0 0 1 0,-0.002 159.20209,159.20209 0 0 1 -0.0586,-0.72265 159.20209,159.20209 0 0 1 -0.0274,-0.33594 159.20209,159.20209 0 0 1 -0.01,-0.12891 159.20209,159.20209 0 0 1 -0.0781,-1.05859 159.20209,159.20209 0 0 1 -0.0625,-0.92773 159.20209,159.20209 0 0 1 -0.01,-0.13086 159.20209,159.20209 0 0 1 -0.0566,-0.92774 159.20209,159.20209 0 0 1 0,-0.002 159.20209,159.20209 0 0 1 -0.002,-0.0254 159.20209,159.20209 0 0 1 -0.0215,-0.41211 159.20209,159.20209 0 0 1 -0.0332,-0.62109 159.20209,159.20209 0 0 1 -0.008,-0.12891 159.20209,159.20209 0 0 1 -0.0449,-0.92969 159.20209,159.20209 0 0 1 -0.002,-0.0547 159.20209,159.20209 0 0 1 -0.041,-1.00585 159.20209,159.20209 0 0 1 -0.0273,-0.79883 159.20209,159.20209 0 0 1 -0.01,-0.26172 159.20209,159.20209 0 0 1 -0.002,-0.0879 159.20209,159.20209 0 0 1 -0.0273,-0.97071 159.20209,159.20209 0 0 1 0,-0.002 159.20209,159.20209 0 0 1 -0.004,-0.13086 159.20209,159.20209 0 0 1 -0.0117,-0.54297 159.20209,159.20209 0 0 1 -0.01,-0.51367 159.20209,159.20209 0 0 1 0,-0.0176 159.20209,159.20209 0 0 1 -0.0117,-0.91797 159.20209,159.20209 0 0 1 -0.002,-0.1289 159.20209,159.20209 0 0 1 -0.008,-0.92969 159.20209,159.20209 0 0 1 0,-0.002 159.20209,159.20209 0 0 1 0,-0.12891 159.20209,159.20209 0 0 1 -0.002,-0.60937 159.20209,159.20209 0 0 1 0.004,-1.06055 159.20209,159.20209 0 0 1 0.0293,-2.12109 159.20209,159.20209 0 0 1 0.0566,-2.1211 159.20209,159.20209 0 0 1 0.084,-2.12109 159.20209,159.20209 0 0 1 0.9707,-11.62891 159.20209,159.20209 0 0 1 0.13086,-1.05273 159.20209,159.20209 0 0 1 0.0781,-0.60156 159.20209,159.20209 0 0 1 10.39453,-39.31055 159.20209,159.20209 0 0 1 0.0254,-0.0644 159.20209,159.20209 0 0 1 0.37696,-0.91602 159.20209,159.20209 0 0 1 3.97656,-8.81836 159.20209,159.20209 0 0 1 0.41211,-0.83984 159.20209,159.20209 0 0 1 3,-5.75782 159.20209,159.20209 0 0 1 0.0645,-0.11718 159.20209,159.20209 0 0 1 0.0664,-0.11914 159.20209,159.20209 0 0 1 0.38086,-0.69336 159.20209,159.20209 0 0 1 0.45703,-0.81446 159.20209,159.20209 0 0 1 0.002,-0.004 159.20209,159.20209 0 0 1 0.0156,-0.0254 159.20209,159.20209 0 0 1 0.0449,-0.082 159.20209,159.20209 0 0 1 69.38476,-65.08204 159.20209,159.20209 0 0 1 0.0293,-0.0137 159.20209,159.20209 0 0 1 0.0293,-0.0137 159.20209,159.20209 0 0 1 0.89844,-0.43164 159.20209,159.20209 0 0 1 21.70312,-8.42188 159.20209,159.20209 0 0 1 0.87891,-0.26562 159.20209,159.20209 0 0 1 45.70898,-6.70313 z M 521.60352,489 a 159.20209,159.20209 0 0 1 0.85937,0.14844 A 159.20209,159.20209 0 0 0 521.60352,489 Z"
       style="fill:#01a6b3;fill-opacity:1;stroke:#01a6b3;stroke-width:9.69449;stroke-opacity:1"
       id="path833" />
    <circle
       r="14.967093"
       cy="170.90549"
       cx="130.93924"
       id="path867"
       style="fill:#fb6800;fill-opacity:1;stroke:none;stroke-width:2.565;stroke-opacity:1" />
  </g>
</svg>
