<?xml version="1.0" encoding="UTF-8" standalone="no"?>
<svg
   xmlns:dc="http://purl.org/dc/elements/1.1/"
   xmlns:cc="http://creativecommons.org/ns#"
   xmlns:rdf="http://www.w3.org/1999/02/22-rdf-syntax-ns#"
   xmlns:svg="http://www.w3.org/2000/svg"
   xmlns="http://www.w3.org/2000/svg"
   id="svg8"
   version="1.1"
   viewBox="0 0 93.635353 49.386154"
   height="49.386154mm"
   width="93.635353mm">
  <defs
     id="defs2" />
  <metadata
     id="metadata5">
    <rdf:RDF>
      <cc:Work
         rdf:about="">
        <dc:format>image/svg+xml</dc:format>
        <dc:type
           rdf:resource="http://purl.org/dc/dcmitype/StillImage" />
        <dc:title></dc:title>
      </cc:Work>
    </rdf:RDF>
  </metadata>
  <g
     transform="translate(-50.883511,-54.970564)"
     id="layer1">
    <g
       transform="translate(-20.977679,-10.394346)"
       id="g3962">
      <path
         id="path3910"
         d="m 75.160805,114.7183 c -0.852824,-0.14312 -1.275099,-0.50794 -2.423911,-2.09415 -0.597156,-0.82452 -0.875181,-2.30594 -0.875704,-4.66608 -7.4e-4,-3.33226 0.842659,-6.71568 2.28999,-9.186666 1.253036,-2.139267 2.333346,-3.326212 4.043417,-4.442537 2.188309,-1.428515 14.372077,-7.119472 21.715572,-10.143198 2.168191,-0.892765 13.688991,-5.472254 17.031811,-6.770106 1.34658,-0.522808 2.56808,-1.002264 2.71445,-1.065457 0.14637,-0.0632 1.15231,-0.440993 2.23543,-0.839552 3.01231,-1.108455 3.24177,-1.213811 3.27688,-1.5046 0.0166,-0.137519 -0.0595,-0.513494 -0.16915,-0.835502 -0.17729,-0.520696 -0.23496,-0.589039 -0.52132,-0.617743 -0.52129,-1.09874 5.60441,-2.381468 4.55104,-1.046368 -0.10133,0.266531 0.013,0.979943 0.18456,1.151491 0.11771,0.117715 3.12079,-0.846223 6.19699,-1.989138 3.19146,-1.185735 6.79427,-2.331131 14.56861,-4.631622 3.18603,-0.942772 3.10292,-0.952022 3.09976,0.344987 0.0444,0.82122 -0.22372,1.696875 -0.0831,2.481082 0.42101,0.569076 1.18459,0.137347 1.5756,-0.286728 0,-0.165566 0.0236,-0.165448 0.34596,0.0017 l 10.57885,6.970316 -14.81112,6.037487 c -0.0591,0.04611 -0.16932,0.293615 -0.24502,0.550009 -0.24997,0.8466 -0.73927,1.245621 -2.96643,2.419099 -1.12279,0.591592 -2.36824,1.21124 -2.76767,1.376995 -0.39943,0.165755 -0.96574,0.442491 -1.25848,0.614969 -0.29273,0.172478 -1.17892,0.613859 -1.9693,0.980846 -1.88657,0.875963 -2.09693,0.976197 -4.84343,2.307838 -1.28803,0.624502 -2.86879,1.364372 -3.51281,1.644155 -0.64401,0.279781 -2.03317,0.901712 -3.08701,1.382067 -3.11195,1.418466 -11.42799,4.965247 -13.03999,5.561541 -0.32201,0.119114 -0.63993,0.25947 -0.70649,0.311903 -0.0666,0.05243 -0.49768,0.233086 -0.95804,0.401452 -1.64761,0.602573 -6.90548,2.79218 -7.71041,3.21095 -0.45123,0.23476 -1.2449,0.7866 -1.76371,1.22632 -3.53151,2.99314 -4.65711,3.66512 -8.447941,5.04339 -5.497977,1.99897 -11.205058,3.9221 -14.019893,4.72433 -3.208377,0.91439 -7.101007,1.5656 -8.227921,1.37649 z m 1.741946,-3.38185 c 0.493295,-0.45717 0.624203,-1.09247 0.338826,-1.64433 -0.457021,-0.88378 -2.002364,-0.57113 -2.292108,0.46374 -0.121342,0.43338 -0.112384,0.50561 0.106662,0.86004 0.274684,0.44444 0.513299,0.56637 1.127006,0.57584 0.322791,0.005 0.510695,-0.0617 0.719614,-0.25529 z"
         style="fill:#f4e3d7;stroke-width:0.10644887" />
      <path
         id="path3908"
         d="m 75.160805,114.47549 c -2.693024,-1.5285 -2.966466,-4.52019 -2.976615,-6.49626 3.3e-4,-1.67274 0.224623,-3.24438 0.751978,-5.26922 0.350098,-1.34423 1.313027,-3.531376 2.020442,-4.589117 1.27724,-1.909755 2.328952,-2.860223 4.213511,-3.807895 4.573662,-2.293701 9.658527,-4.718269 14.033766,-6.655447 0.819656,-0.361496 1.934011,-0.870908 2.476342,-1.132026 2.708452,-1.028668 4.453341,-2.10188 6.358911,-2.710186 0.23419,-0.07381 0.4737,-0.170405 0.53225,-0.214661 0.10588,-0.08003 1.13236,-0.507025 2.55477,-1.062726 4.17165,-1.633984 8.04791,-3.287245 11.7626,-4.737605 1.4344,-0.559297 2.7038,-1.059978 2.8209,-1.112623 0.11709,-0.05265 0.83562,-0.319011 1.59673,-0.591925 1.4347,-0.514445 2.12659,-0.783007 2.90358,-1.127037 0.25039,-0.110867 0.54332,-0.201577 0.65095,-0.201577 0.10763,0 0.31749,-0.0958 0.46635,-0.212897 0.14886,-0.117094 0.33495,-0.212923 0.41354,-0.212951 0.0786,-3e-5 0.40634,-0.102395 0.72835,-0.227477 0.32201,-0.125083 0.9151,-0.316027 1.31799,-0.424318 0.40288,-0.108293 0.7861,-0.238833 0.85159,-0.29009 0.0655,-0.05126 0.26277,-0.125671 0.43842,-0.165363 0.17564,-0.03969 0.60675,-0.185442 0.95804,-0.323887 0.35128,-0.138445 1.28537,-0.45151 2.07575,-0.695701 0.79038,-0.24419 1.55681,-0.494107 1.70318,-0.555369 0.14637,-0.06126 0.8649,-0.325574 1.59673,-0.587358 0.73184,-0.261785 1.92939,-0.690787 2.66122,-0.953341 0.73184,-0.262553 1.61803,-0.565812 1.96931,-0.673909 0.35128,-0.108098 1.24918,-0.392622 1.99533,-0.632278 3.4578,-1.110604 4.09334,-1.311505 4.3916,-1.388231 0.17564,-0.04518 1.34924,-0.395245 2.608,-0.777914 3.24596,-0.98679 3.62901,-1.079521 3.74869,-0.90751 0.0558,0.08021 0.0668,0.686218 0.0256,1.417501 -0.0395,0.702562 -0.0687,1.406918 -0.0649,1.565236 0.004,0.158318 -0.13063,1.15879 -0.29882,2.223272 -0.16818,1.064483 -0.28286,1.995178 -0.25483,2.068211 0.028,0.07303 -0.0265,0.318013 -0.12126,0.544399 -0.0947,0.226385 -0.24123,0.938531 -0.32557,1.582546 -0.0843,0.644016 -0.20079,1.290693 -0.25878,1.43706 -0.10799,0.272545 -0.38095,2.015653 -0.50985,3.016075 -0.3508,0.667893 0.28933,2.519808 -1.64087,3.434195 -0.28178,0.142786 -0.51232,0.303913 -0.51232,0.358061 0,0.191485 -3.37207,2.023188 -4.3336,2.354001 -0.30769,0.105863 -0.77718,0.342281 -1.04329,0.525374 -0.26612,0.183094 -0.75793,0.453975 -1.09291,0.60196 -0.33498,0.147984 -1.01622,0.461781 -1.51387,0.697326 -0.49764,0.235543 -1.52682,0.721976 -2.28706,1.080962 -0.76024,0.358986 -2.01557,0.973679 -2.78963,1.365985 -0.77405,0.392307 -1.7328,0.842279 -2.13056,0.999939 -0.39775,0.157662 -1.08245,0.452729 -1.52155,0.655708 -2.17953,1.007503 -3.98506,1.820729 -5.85469,2.637002 -0.81169,0.354382 -2.31756,0.988888 -7.50464,3.162128 -0.70257,0.294353 -1.66061,0.700879 -2.12898,0.903391 -0.46838,0.202511 -1.28271,0.52549 -1.80963,0.717729 -0.52692,0.192239 -1.1257,0.426302 -1.33061,0.520139 -0.20492,0.09384 -1.45007,0.608119 -2.767,1.142859 -3.6351,1.47601 -3.65941,1.48994 -6.12361,3.51066 -2.5306,2.07516 -4.0258,2.94701 -6.757381,3.9402 -0.67329,0.2448 -1.67923,0.61071 -2.235422,0.81314 -2.587405,0.94167 -3.916526,1.40307 -7.145288,2.48047 -5.170362,1.72531 -6.336426,2.049 -9.567184,2.65585 -0.966024,0.18145 -1.986299,0.37618 -2.267278,0.43273 -0.64447,0.12972 -0.744137,0.1224 -1.458432,-0.10718 z m 1.928602,-3.07737 c 0.381699,-0.3817 0.413273,-0.45883 0.413273,-1.00959 0,-0.50014 -0.04721,-0.64914 -0.292735,-0.92391 -0.404861,-0.45308 -0.978302,-0.5195 -1.623345,-0.18803 -0.803406,0.41284 -1.07798,1.31579 -0.610885,2.00891 0.262587,0.38965 0.533274,0.49906 1.243841,0.51528 0.40487,0.009 0.509968,-0.0428 0.869851,-0.40266 z m 1.477761,-12.724339 c 0,-0.677124 1.378529,-2.389154 2.115462,-2.627246 5.782863,-2.923559 10.630894,-4.985202 15.821169,-7.176889 0.29274,-0.140653 0.91546,-0.398651 1.38384,-0.573332 2.324301,-0.933023 4.325501,-1.790279 6.653051,-2.780644 0.76377,-0.325294 1.7352,-0.729573 4.60466,-1.916311 0.71679,-0.296447 1.75832,-0.70978 2.31452,-0.918517 0.55619,-0.208738 1.56214,-0.609269 2.23542,-0.89007 0.67329,-0.280802 1.67924,-0.68526 2.23543,-0.898797 2.20603,-0.985341 4.53246,-1.773031 6.35624,-2.510924 0.71496,-0.289767 1.35335,-0.526849 1.41865,-0.526849 0.0653,0 0.74975,-0.279556 1.52098,-0.621235 0.77123,-0.341681 1.5699,-0.680312 1.77481,-0.752514 0.20492,-0.0722 0.75579,-0.275926 1.22416,-0.452719 0.46838,-0.176794 1.42642,-0.527528 2.12898,-0.779409 0.70256,-0.251882 1.92407,-0.693757 2.71445,-0.981946 0.79038,-0.288188 1.74842,-0.632747 2.12898,-0.765686 2.91546,-1.018455 3.89028,-1.331627 4.85329,-1.559173 2.05599,-0.485799 5.3927,-1.765662 8.19783,-3.144438 0.94288,-0.463444 1.76381,-0.842624 1.82429,-0.842624 0.11533,0 1.16388,-0.491893 1.89028,-0.886766 0.31318,-0.170244 0.43471,-0.308819 0.45948,-0.523939 0.0434,-0.376472 -0.20055,-0.388396 -0.71988,-0.03519 -0.43075,0.292961 -1.70461,0.793436 -2.87984,1.131428 -0.4391,0.126284 -0.89417,0.271332 -1.01126,0.322328 -0.1171,0.051 -0.47636,0.192142 -0.79837,0.313659 -0.32201,0.121518 -0.82498,0.336592 -1.11771,0.477946 -0.61246,0.295737 -2.93079,1.116617 -3.15356,1.116617 -0.0822,0 -0.31781,0.0902 -0.5235,0.200448 -0.2057,0.110247 -0.65998,0.259819 -1.00952,0.332384 -0.34954,0.07256 -0.89907,0.248911 -1.22117,0.391884 -0.3221,0.142972 -0.897,0.332535 -1.27755,0.421252 -0.38056,0.08872 -0.90748,0.247971 -1.17094,0.3539 -1.47117,0.591508 -2.97883,1.137164 -4.30489,1.558038 -1.63725,0.519638 -2.0625,0.66901 -3.57233,1.25479 -0.55619,0.215792 -1.25077,0.458423 -1.5435,0.53918 -0.29274,0.08076 -0.86756,0.274793 -1.27739,0.431192 -0.40983,0.156398 -1.15231,0.418681 -1.64996,0.582853 -0.83571,0.275696 -3.82056,1.384285 -4.31118,1.601192 -0.61903,0.273682 -1.61188,0.649605 -2.60799,0.987466 -0.61475,0.208506 -1.47698,0.531624 -1.91608,0.71804 -0.43911,0.186415 -1.34924,0.543567 -2.02253,0.793671 -1.71784,0.638115 -2.49437,0.956159 -3.35314,1.373341 -0.67312,0.326992 -4.32379,1.833395 -5.10955,2.10839 -0.40474,0.141651 -3.40672,1.331173 -3.83216,1.518478 -0.17564,0.07733 -0.84626,0.36292 -1.49028,0.634648 -0.644021,0.271727 -1.410451,0.609148 -1.703181,0.749823 -0.29274,0.140677 -0.96336,0.4565 -1.49029,0.701829 -0.52692,0.245331 -1.695614,0.803752 -2.597098,1.240937 -0.901485,0.437184 -1.955329,0.91304 -2.341875,1.057457 -0.622147,0.232439 -2.945153,1.284859 -5.513281,2.49775 -0.479522,0.226471 -0.91064,0.411358 -0.95804,0.410859 -0.0474,-5.32e-4 -0.804709,0.352367 -1.682913,0.784148 -0.878203,0.43178 -1.882437,0.899233 -2.231631,1.038785 -1.493062,0.596681 -3.337026,1.619415 -4.025632,2.23277 -1.162638,1.098428 -0.144678,1.422644 0.250179,2.239285 0.125693,0.234859 0.31207,0.263796 0.31207,0.04845 z M 141.89379,74.628609 c -0.54544,2.977995 -1.81404,7.225136 -1.23243,8.650022 0.2693,0.625895 1.86845,-7.744303 1.23243,-8.650022 z M 125.1075,72.92977 c -0.0596,-0.07254 -0.12492,-0.227693 -0.14512,-0.344786 -0.0331,-0.191756 0.13769,-0.257311 1.71968,-0.660127 2.13763,-0.5443 2.15344,-0.545577 2.10943,-0.170566 -0.0375,0.319892 -0.31277,0.429241 -2.34776,0.932737 -0.57018,0.141073 -1.0797,0.283078 -1.13226,0.315565 -0.0526,0.03249 -0.14435,-3.19e-4 -0.20397,-0.07282 z"
         style="fill:#d15b33;stroke-width:0.10644887" />
      <path
         id="path3906"
         d="m 75.641753,114.58218 c -0.08052,-0.13028 0.230611,-0.19641 1.1421,-0.24277 0.845027,-0.043 0.814532,0.054 -0.07068,0.22465 -0.769675,0.14842 -0.988604,0.15212 -1.071419,0.0181 z m -1.310244,-3.45358 c -0.639196,-0.728 -0.688839,-1.45808 -0.155114,-2.28121 0.73967,-1.14074 2.735772,-1.1975 3.415836,-0.0971 0.280992,0.45466 0.394159,1.20268 0.241679,1.59747 -0.164138,0.42497 -0.33123,0.35869 -0.33123,-0.13139 0,-0.95192 -0.968257,-1.4268 -1.91608,-0.93975 -0.749803,0.3853 -0.984808,1.0577 -0.690602,1.97595 0.118674,0.37039 -0.189959,0.30264 -0.564489,-0.12393 z m 6.818847,-3.11099 c -0.189286,-0.0933 -0.488673,-0.38786 -0.665305,-0.65452 -0.367692,-0.55511 -0.423445,-1.25617 -0.158407,-1.99186 0.08437,-0.23418 0.154119,-0.67274 0.155001,-0.97456 0.0014,-0.4643 -0.07077,-0.66615 -0.468566,-1.31136 -0.640919,-1.03954 -0.743139,-1.54013 -0.673532,-3.298445 0.07469,-1.886687 0.264498,-2.372718 1.143701,-2.928588 0.204914,-0.129556 1.354562,-0.692902 2.554772,-1.25188 2.480975,-1.155471 3.563424,-1.660642 4.630526,-2.161032 0.409828,-0.192177 1.367868,-0.635194 2.128977,-0.984481 0.76111,-0.349287 1.853759,-0.856659 2.428112,-1.127494 0.574351,-0.270834 1.070619,-0.492426 1.102816,-0.492426 0.04936,0 2.00142,-0.852718 4.026938,-1.759085 0.91668,-0.410189 5.578111,-2.389639 6.645401,-2.821929 0.56041,-0.226986 1.54584,-0.632561 2.18986,-0.901278 1.7185,-0.717052 4.6905,-1.91858 6.33371,-2.560611 0.79038,-0.308816 2.05978,-0.811209 2.82089,-1.116427 2.88203,-1.15574 4.93428,-1.953119 6.01436,-2.336816 0.61474,-0.218385 1.64464,-0.599695 2.28865,-0.847355 4.36999,-1.680508 15.06202,-5.320368 15.87495,-5.404271 0.4896,-0.05053 0.62696,-0.02071 0.97959,0.212643 0.47901,0.316996 0.76286,0.847198 0.76247,1.424214 -10e-5,0.225339 -0.12097,1.176139 -0.26848,2.112889 -0.14752,0.93675 -0.36563,2.397761 -0.48469,3.246691 -0.33787,2.409042 -0.60305,3.9628 -0.73579,4.311179 -0.14894,0.390898 -0.49028,0.768528 -0.87615,0.969286 -0.34758,0.180836 -7.27387,3.06561 -9.823,4.091243 -1.67406,0.673546 -3.07406,1.242148 -7.71755,3.13442 -0.96602,0.393666 -3.21741,1.304957 -5.00309,2.025091 -5.05836,2.039948 -8.72451,3.56136 -9.39265,3.897847 -0.33583,0.169132 -1.07831,0.626714 -1.64995,1.016849 -2.53741,1.731736 -3.55937,2.339466 -4.71184,2.801976 -0.322,0.12923 -0.848931,0.34603 -1.170931,0.48177 -0.67283,0.28362 -6.667599,2.29101 -8.569137,2.86943 -0.702562,0.21371 -1.397141,0.42952 -1.543508,0.47959 -0.146368,0.0501 -0.793045,0.2426 -1.43706,0.42785 -0.644016,0.18524 -1.45835,0.42469 -1.809631,0.53211 -0.351281,0.10741 -1.117713,0.32435 -1.703182,0.48208 -0.585468,0.15773 -1.269746,0.35315 -1.520616,0.43428 -0.599764,0.19395 -1.27113,0.18326 -1.697659,-0.027 z M 125.1075,72.92977 c -0.0596,-0.07254 -0.12492,-0.227693 -0.14512,-0.344786 -0.0331,-0.191756 0.13769,-0.257311 1.71968,-0.660127 2.13707,-0.544157 2.15345,-0.545487 2.10943,-0.171192 -0.0371,0.315504 0.0215,0.292209 -2.25045,0.895283 -0.63375,0.168228 -1.19117,0.329909 -1.23871,0.359291 -0.0475,0.02938 -0.13521,-0.0059 -0.19483,-0.07847 z"
         style="fill:#5e5c5c;stroke-width:0.10644887" />
    </g>
  </g>
</svg>
